Sample	FastQC_mqc-generalstats-fastqc-percent_fails	FastQC_mqc-generalstats-fastqc-avg_sequence_length	FastQC_mqc-generalstats-fastqc-median_sequence_length	FastQC_mqc-generalstats-fastqc-total_sequences	FastQC_mqc-generalstats-fastqc-percent_duplicates	FastQC_mqc-generalstats-fastqc-percent_gc
Blank_EKDN230028465-1A_HKTCJDSX7_L4_1	9.090909090909092	150.0	150	578309.0	31.332061263591754	55.0
Blank_EKDN230028465-1A_HKTCJDSX7_L4_2	9.090909090909092	150.0	150	578309.0	30.521454523766337	55.0
R10_EKDN230028438-1A_HKTC2DSX7_L3_1	9.090909090909092	150.0	150	84373984.0	15.165245668260823	60.0
R10_EKDN230028438-1A_HKTC2DSX7_L3_2	9.090909090909092	150.0	150	84373984.0	14.658527245649182	60.0
R11_EKDN230028439-1A_HKTC2DSX7_L3_1	9.090909090909092	150.0	150	65241521.0	12.258258746054736	53.0
R11_EKDN230028439-1A_HKTC2DSX7_L3_2	9.090909090909092	150.0	150	65241521.0	11.943025686953845	53.0
R12_EKDN230028440-1A_HKTC2DSX7_L3_1	9.090909090909092	150.0	150	76058290.0	14.406004803638965	57.0
R12_EKDN230028440-1A_HKTC2DSX7_L3_2	9.090909090909092	150.0	150	76058290.0	13.877901296366389	57.0
R13_EKDN230028441-1A_HKTC2DSX7_L3_1	9.090909090909092	150.0	150	70313416.0	22.099179167108332	60.0
R13_EKDN230028441-1A_HKTC2DSX7_L3_2	9.090909090909092	150.0	150	70313416.0	21.67175295358561	60.0
R14_EKDN230028442-1A_HKTC2DSX7_L3_1	9.090909090909092	150.0	150	75596547.0	22.92360511543515	59.0
R14_EKDN230028442-1A_HKTC2DSX7_L3_2	9.090909090909092	150.0	150	75596547.0	21.98927276013822	59.0
R15_EKDN230028443-1A_HKTC2DSX7_L3_1	18.181818181818183	150.0	150	84966611.0	21.167083336142667	57.0
R15_EKDN230028443-1A_HKTC2DSX7_L3_2	18.181818181818183	150.0	150	84966611.0	20.787722670799738	57.0
R16_EKDN230028444-1A_HKTC2DSX7_L3_1	18.181818181818183	150.0	150	78073688.0	14.397361065938654	53.0
R16_EKDN230028444-1A_HKTC2DSX7_L3_2	18.181818181818183	150.0	150	78073688.0	14.236073785895883	53.0
R17_EKDN230028445-1A_HKTC2DSX7_L3_1	18.181818181818183	150.0	150	66530873.0	13.8249747294891	52.0
R17_EKDN230028445-1A_HKTC2DSX7_L3_2	18.181818181818183	150.0	150	66530873.0	13.288791238638254	52.0
R18_EKDN230028446-1A_HKTC2DSX7_L3_1	9.090909090909092	150.0	150	70917426.0	15.203402398680069	57.0
R18_EKDN230028446-1A_HKTC2DSX7_L3_2	9.090909090909092	150.0	150	70917426.0	14.902185213193789	57.0
R19_EKDN230028447-1A_HKTC2DSX7_L3_1	9.090909090909092	150.0	150	68586845.0	13.736663798416885	58.0
R19_EKDN230028447-1A_HKTC2DSX7_L3_2	9.090909090909092	150.0	150	68586845.0	13.313121118476076	58.0
R1_EKDN230028429-1A_HKTC2DSX7_L3_1	9.090909090909092	150.0	150	70550593.0	11.970871737518422	55.0
R1_EKDN230028429-1A_HKTC2DSX7_L3_2	9.090909090909092	150.0	150	70550593.0	11.891775522499202	55.0
R20_EKDN230028448-1A_HKTC2DSX7_L3_1	9.090909090909092	150.0	150	72634213.0	14.73758989628054	58.0
R20_EKDN230028448-1A_HKTC2DSX7_L3_2	9.090909090909092	150.0	150	72634213.0	14.524892655487122	58.0
R21_EKDN230028449-1A_HKTC2DSX7_L3_1	9.090909090909092	150.0	150	73329149.0	14.72584662400422	58.0
R21_EKDN230028449-1A_HKTC2DSX7_L3_2	9.090909090909092	150.0	150	73329149.0	14.238815399272895	59.0
R22_EKDN230028450-1A_HKTC2DSX7_L3_1	9.090909090909092	150.0	150	79802428.0	13.77552904970652	56.0
R22_EKDN230028450-1A_HKTC2DSX7_L3_2	9.090909090909092	150.0	150	79802428.0	13.258879187187532	56.0
R23_EKDN230028451-1A_HKTC2DSX7_L4_1	9.090909090909092	150.0	150	62460203.0	11.750679934740148	56.0
R23_EKDN230028451-1A_HKTC2DSX7_L4_2	9.090909090909092	150.0	150	62460203.0	11.3384808049573	56.0
R24_EKDN230028452-1A_HKTTNDSX7_L4_1	9.090909090909092	150.0	150	74205339.0	14.81847365003621	56.0
R24_EKDN230028452-1A_HKTTNDSX7_L4_2	9.090909090909092	150.0	150	74205339.0	14.386054452277904	56.0
R2_EKDN230028430-1A_HKTC2DSX7_L3_1	9.090909090909092	150.0	150	68871968.0	12.880935214725042	54.0
R2_EKDN230028430-1A_HKTC2DSX7_L3_2	9.090909090909092	150.0	150	68871968.0	12.635246754835293	54.0
R3_EKDN230028431-1A_HKTC2DSX7_L3_1	18.181818181818183	150.0	150	75622394.0	14.226301259046807	54.0
R3_EKDN230028431-1A_HKTC2DSX7_L3_2	18.181818181818183	150.0	150	75622394.0	13.946293119529614	54.0
R4_EKDN230028432-1A_HKTC2DSX7_L3_1	0.0	150.0	150	78907200.0	13.437737858639863	60.0
R4_EKDN230028432-1A_HKTC2DSX7_L3_2	0.0	150.0	150	78907200.0	13.220048848747354	60.0
R5_EKDN230028433-1A_HKTC2DSX7_L3_1	18.181818181818183	150.0	150	69341911.0	12.561447706394844	52.0
R5_EKDN230028433-1A_HKTC2DSX7_L3_2	18.181818181818183	150.0	150	69341911.0	12.385171461394904	52.0
R6_EKDN230028434-1A_HKTC2DSX7_L3_1	9.090909090909092	150.0	150	79898436.0	14.424533807115452	56.0
R6_EKDN230028434-1A_HKTC2DSX7_L3_2	9.090909090909092	150.0	150	79898436.0	14.082724127063443	56.0
R7_EKDN230028435-1A_HKTC2DSX7_L3_1	9.090909090909092	150.0	150	62799952.0	12.866760495514	57.0
R7_EKDN230028435-1A_HKTC2DSX7_L3_2	9.090909090909092	150.0	150	62799952.0	12.579552307634373	57.0
R8_EKDN230028436-1A_HKTC2DSX7_L3_1	9.090909090909092	150.0	150	71604099.0	12.397331275823404	57.0
R8_EKDN230028436-1A_HKTC2DSX7_L3_2	9.090909090909092	150.0	150	71604099.0	11.904557842733084	57.0
R9_EKDN230028437-1A_HKTC2DSX7_L3_1	9.090909090909092	150.0	150	72542558.0	13.018530324932769	57.0
R9_EKDN230028437-1A_HKTC2DSX7_L3_2	9.090909090909092	150.0	150	72542558.0	12.698623132181112	57.0
V10_EKDN230028462-1A_HKTTNDSX7_L4_1	9.090909090909092	150.0	150	63941928.0	16.979330299506003	49.0
V10_EKDN230028462-1A_HKTTNDSX7_L4_2	9.090909090909092	150.0	150	63941928.0	16.749372138686056	49.0
V11_EKDN230028463-1A_HKTTNDSX7_L4_1	9.090909090909092	150.0	150	56144879.0	15.9096121363213	50.0
V11_EKDN230028463-1A_HKTTNDSX7_L4_2	9.090909090909092	150.0	150	56144879.0	15.61552089272476	50.0
V12_EKDN230028464-1A_HKTTNDSX7_L4_1	9.090909090909092	150.0	150	60662192.0	16.575913976130664	51.0
V12_EKDN230028464-1A_HKTTNDSX7_L4_2	9.090909090909092	150.0	150	60662192.0	16.392257186253943	51.0
V1_EKDN230028453-1A_HKTTNDSX7_L4_1	9.090909090909092	150.0	150	64774608.0	13.691926689413307	52.0
V1_EKDN230028453-1A_HKTTNDSX7_L4_2	9.090909090909092	150.0	150	64774608.0	13.29056604767571	52.0
V2_EKDN230028454-1A_HKTTNDSX7_L4_1	9.090909090909092	150.0	150	83998542.0	15.89948951752875	52.0
V2_EKDN230028454-1A_HKTTNDSX7_L4_2	9.090909090909092	150.0	150	83998542.0	15.730217407741748	52.0
V3_EKDN230028455-1A_HKTC2DSX7_L4_1	18.181818181818183	150.0	150	59892529.0	12.119122331927684	50.0
V3_EKDN230028455-1A_HKTC2DSX7_L4_2	18.181818181818183	150.0	150	59892529.0	11.741838568797917	50.0
V4_EKDN230028456-1A_HKTTNDSX7_L4_1	18.181818181818183	150.0	150	76925909.0	14.798348364008447	51.0
V4_EKDN230028456-1A_HKTTNDSX7_L4_2	18.181818181818183	150.0	150	76925909.0	14.211483423512433	51.0
V5_EKDN230028457-1A_HKTTNDSX7_L4_1	18.181818181818183	150.0	150	76470274.0	14.950347672635417	49.0
V5_EKDN230028457-1A_HKTTNDSX7_L4_2	18.181818181818183	150.0	150	76470274.0	14.537138743224915	49.0
V6_EKDN230028458-1A_HKTTNDSX7_L4_1	9.090909090909092	150.0	150	54112937.0	13.486584291559168	52.0
V6_EKDN230028458-1A_HKTTNDSX7_L4_2	9.090909090909092	150.0	150	54112937.0	13.261142727815837	52.0
V7_EKDN230028459-1A_HKTTNDSX7_L4_1	9.090909090909092	150.0	150	76990742.0	23.329911966637667	53.0
V7_EKDN230028459-1A_HKTTNDSX7_L4_2	9.090909090909092	150.0	150	76990742.0	22.962501519525247	53.0
V8_EKDN230028460-1A_HHGM2DSX7_L1_1	9.090909090909092	150.0	150	4896020.0	17.104059305319524	53.0
V8_EKDN230028460-1A_HHGM2DSX7_L1_2	9.090909090909092	150.0	150	4896020.0	16.78878583380198	53.0
V8_EKDN230028460-1A_HJH72DSX7_L2_1	9.090909090909092	150.0	150	47264349.0	21.06603664924127	53.0
V8_EKDN230028460-1A_HJH72DSX7_L2_2	9.090909090909092	150.0	150	47264349.0	20.619473474772434	53.0
V9_EKDN230028461-1A_HKTTNDSX7_L4_1	9.090909090909092	150.0	150	72109992.0	21.58285747632864	52.0
V9_EKDN230028461-1A_HKTTNDSX7_L4_2	9.090909090909092	150.0	150	72109992.0	21.112378069616454	52.0
